133 0.8754799999999999 0.8731758152284781 0.93968264
134 0.87708 0.8747631661286078 0.940606912
135 0.882 0.8793503694044414 0.9533155839999999
136 0.8827999999999999 0.8802014892205132 0.953323936
137 0.8827999999999999 0.8802113533423365 0.9534020479999998
138 0.88256 0.8798642387385825 0.9534297600000002
139 0.8814400000000001 0.8786662808037276 0.953186624
140 0.8849199999999999 0.8830528596647864 0.9491776640000001
141 0.8845600000000001 0.8826181340830184 0.948950336
142 0.88688 0.8852596299856064 0.94889768
143 0.88628 0.8844838258709483 0.9493448000000001
144 0.8854 0.8833223926752412 0.9496480960000001
145 0.88828 0.886385987690762 0.957089088
146 0.88704 0.8850658086745609 0.95682256
147 0.8891199999999999 0.8871287691173041 0.957031264
148 0.88704 0.8849825094855388 0.956990592
149 0.88828 0.8863101531536884 0.9570144639999999
150 0.87496 0.8757278342467988 0.9403487680000001
151 0.86708 0.8674721163439558 0.934790592
152 0.8689199999999999 0.8698740190319812 0.936518272
153 0.86728 0.8679831474568687 0.9352424320000001
154 0.8688 0.8693045323706141 0.9353888319999999
155 0.8863200000000001 0.8876657112364181 0.9540626879999999
156 0.8904400000000001 0.8913626952415884 0.9573373440000001
157 0.88616 0.8871310556707254 0.9549992639999999
158 0.8848800000000001 0.8859034872411474 0.9543118719999999
159 0.8835600000000001 0.8845051132394696 0.9529466240000002
160 0.89556 0.8962431102241994 0.955643008
161 0.89524 0.8959339544810175 0.9550953920000002
162 0.8944400000000001 0.8950785213301197 0.9550010879999998
163 0.8941600000000001 0.8948323591816241 0.9561018240000001
164 0.89212 0.8929183254040746 0.9551822080000001
165 0.88792 0.8891815507728597 0.955934496
166 0.90176 0.9025876015625791 0.9654536
167 0.9034800000000001 0.9042148417182636 0.9663050239999998
168 0.90252 0.9033154577972896 0.966484608
169 0.90356 0.904324165247885 0.966225792
170 0.8796800000000001 0.8808393981059803 0.9474689279999999
171 0.8795200000000001 0.8805986666060817 0.947523872
172 0.8759999999999998 0.8771785776096663 0.9467139520000002
173 0.87604 0.8770236475930693 0.94703328
174 0.87744 0.8785975917776963 0.947306656
175 0.8725999999999999 0.8750435337996455 0.9469790719999999
176 0.8876800000000001 0.8891031604171549 0.9571993280000001
177 0.89116 0.8924485352015739 0.9586694080000001
178 0.8926400000000001 0.8938909236398637 0.9593105919999999
179 0.89164 0.8928652419006889 0.9590850879999999
180 0.8619600000000001 0.8627504208501289 0.932033952
181 0.8580399999999999 0.8584716862500421 0.927936128
182 0.85972 0.8606687439350942 0.9299182720000001
183 0.86144 0.8621718628597701 0.929285152
184 0.8633599999999999 0.8636262197619702 0.93031376
185 0.8929199999999999 0.8934630398131953 0.959043264
186 0.8797200000000001 0.8804072715486292 0.9488215999999999
187 0.87632 0.877286918180641 0.9486135360000001
188 0.8777200000000001 0.878691603636895 0.9482979839999999
189 0.8766 0.8771116030277935 0.9474138240000001
190 0.8928799999999999 0.8934487197106591 0.955021344
191 0.89168 0.8921316672724409 0.954555136
192 0.89008 0.8906259291267922 0.954812352
193 0.88964 0.8904462982959878 0.954166464
194 0.8914 0.8921439519128149 0.9543297599999999
195 0.9056799999999999 0.9064508118117207 0.967544832
196 0.90772 0.9082889092569048 0.968425888
197 0.90784 0.9083552091999062 0.9688318079999998
198 0.90716 0.9078064188981207 0.96819104
199 0.9093200000000001 0.9099036799936341 0.9689535680000001
200 0.87216 0.8735771981030365 0.9423876160000002
201 0.87216 0.8732639950648811 0.94299824
202 0.8718 0.8731334207593848 0.9428342399999998
203 0.87164 0.8729377224042363 0.9430614400000001
204 0.86988 0.8712200524829037 0.941627744
205 0.89036 0.8916622393029503 0.9582526399999999
206 0.8922000000000001 0.8933669068827609 0.9590203199999999
207 0.8914 0.8925588779372344 0.9597402879999999
208 0.89312 0.8943586865919986 0.959662112
209 0.89024 0.891515800746714 0.9588570559999999
210 0.84832 0.8431079071482198 0.919969856
211 0.8481599999999998 0.8428790542870649 0.919596608
212 0.85024 0.8452457418711197 0.9203890880000001
213 0.84848 0.8432521488913167 0.9199660960000001
214 0.8492000000000001 0.844279157335434 0.9195687679999999
215 0.86344 0.8600134536254318 0.9387568319999999
216 0.86496 0.861729592825515 0.939099712
217 0.8642 0.8607479951838208 0.93896336
218 0.8646 0.8610940199040755 0.938477376
219 0.8640000000000001 0.8604948770320032 0.9389526079999999
220 0.8800799999999999 0.8775927332644123 0.941452544
221 0.87996 0.8775467867716312 0.941954752
222 0.87828 0.8756028912127803 0.941590672
223 0.87884 0.8763086627665035 0.942149792
224 0.8786000000000002 0.8760164074926401 0.9414290879999999
225 0.8844800000000002 0.8817279298810753 0.9544548479999999
226 0.88616 0.8833212560988158 0.9547162879999999
227 0.8862399999999999 0.8833627554023991 0.954828032
228 0.8842399999999999 0.8814538626431352 0.954563136
229 0.8855999999999999 0.8826835810249893 0.954731392
230 0.8868 0.8845833430295666 0.9503296320000001
231 0.8883599999999999 0.8862854093896646 0.9502827519999999
232 0.88652 0.884438684998442 0.95059648
233 0.8877200000000002 0.8855378046605024 0.951020336
234 0.8862 0.8841793430416555 0.9497992960000001
235 0.8885200000000001 0.8860222348509279 0.9571007359999999
236 0.8880800000000001 0.8853543404398458 0.9571233280000001
237 0.8879199999999999 0.8853336283859597 0.957250496
238 0.8884399999999999 0.8858778228829548 0.9575007359999999
239 0.88864 0.8859167464628465 0.95741152
240 0.8807600000000001 0.8815646062198177 0.945065344
241 0.875 0.875763372716541 0.941400032
242 0.8732000000000001 0.8738650677059232 0.939378784
243 0.8747199999999999 0.8753351346344299 0.9408148799999999
244 0.8735199999999999 0.8742516849597314 0.940854176
245 0.88608 0.8871520341386514 0.955307872
246 0.89544 0.8962538064146598 0.959961856
247 0.89268 0.8935197213168188 0.9596069120000001
248 0.8935599999999999 0.8943101461736713 0.9587189119999999
249 0.8915599999999999 0.8923050852318781 0.9579737600000001
250 0.8966 0.8971985285908384 0.9576957759999999
251 0.89596 0.8966639542757759 0.957238624
252 0.8962 0.8967390451002755 0.95775232
253 0.8936800000000001 0.8942978961029574 0.9566556159999999
254 0.89528 0.8958191188323352 0.956931488
255 0.88688 0.8882608474234903 0.9550217919999999
256 0.9016 0.9023423505885905 0.965620288
257 0.9026799999999999 0.9034934987473353 0.9667083200000001
258 0.9038800000000002 0.9045681891054886 0.9673079039999999
259 0.9048 0.905566360064215 0.96732368
260 0.8751599999999999 0.8765011899965346 0.9451002239999999
261 0.8754799999999999 0.8767112900128528 0.9451239360000001
262 0.87592 0.8774460567306737 0.9452349119999999
263 0.8752800000000001 0.876247396000081 0.9453591360000001
264 0.8737999999999999 0.8751661266096082 0.944971808
265 0.8703199999999999 0.8730679344713073 0.9441660159999999
266 0.8870799999999999 0.8886638331326964 0.9561156479999999
267 0.8881600000000001 0.8895681612567674 0.9568648959999999
268 0.88848 0.8899717959512339 0.9566726720000001
269 0.8887600000000001 0.890274332217226 0.957176288
270 0.8545999999999999 0.8552212168133533 0.9221888000000001
271 0.8493999999999999 0.8496136625845147 0.91922064
272 0.8466400000000001 0.8471500803371871 0.9181642560000001
273 0.84916 0.8498803509973983 0.9194124159999999
274 0.8480000000000001 0.8485499941870664 0.91964768
275 0.8901999999999999 0.8912306493290453 0.9565178559999999
276 0.87116 0.8721074077437112 0.942591872
277 0.86696 0.8676937017140798 0.9388287039999998
278 0.8636800000000001 0.8644917743557519 0.9372944320000001
279 0.8652799999999999 0.8659690591522695 0.937722048
280 0.8891600000000001 0.8897900387756618 0.952947264
281 0.8872 0.8877334669406972 0.952730976
282 0.8908400000000001 0.8914805699608237 0.9535352319999999
283 0.8910399999999999 0.8916896785700402 0.9533735360000002
284 0.8915200000000001 0.8920113367601603 0.952937728
285 0.9047599999999999 0.9054218562221653 0.967446112
286 0.9060400000000002 0.9068208314029359 0.967885728
287 0.9051599999999999 0.9059784559522555 0.9678637760000001
288 0.9054399999999999 0.9060226213499792 0.9677129279999999
289 0.9050799999999999 0.9057436086821659 0.9676239040000001
290 0.87324 0.8743910304406791 0.9442480640000002
291 0.87652 0.8776722512634709 0.944893632
292 0.8737999999999999 0.874691702227938 0.9436633280000001
293 0.87292 0.8739150361502949 0.943575232
294 0.8718 0.8728635007669012 0.9433667519999999
295 0.8919599999999999 0.8931765925743491 0.9593315840000001
296 0.8924 0.8934660575199027 0.9600844480000001
297 0.89344 0.8943966357108802 0.9604833279999999
298 0.8935600000000001 0.8943801931977735 0.9602619840000001
299 0.89408 0.8950634205866649 0.9603551359999999
300 0.8444400000000002 0.839171741703866 0.9153799359999999
