0 0.86364 0.8645968715427614 0.9326842880000001
1 0.8591599999999999 0.8594342476529814 0.9300431679999999
2 0.8583999999999999 0.8585683465044461 0.9279961919999999
3 0.8589600000000001 0.8595482828503279 0.9290386560000001
4 0.8590399999999999 0.8593939746034378 0.9292983360000001
5 0.8946399999999999 0.8954827901231068 0.959812288
6 0.88308 0.8839113544059796 0.95048736
7 0.8775600000000001 0.8783444200213518 0.9493632
8 0.87888 0.8796276714987028 0.948787488
9 0.87744 0.877772828478751 0.9480754240000001
10 0.89056 0.8912065536085183 0.954269472
11 0.88968 0.8902481338587279 0.954067328
12 0.8928799999999999 0.8935174185497134 0.9546854719999999
13 0.8914399999999999 0.8922676959879755 0.9542061119999999
14 0.89124 0.8918869651452923 0.954555648
15 0.9056799999999999 0.9064633182370789 0.9681829439999999
16 0.90764 0.9083671988853828 0.968379136
17 0.9079200000000001 0.9084160279606461 0.9687212799999999
18 0.9072000000000001 0.9078477775946923 0.9686679679999999
19 0.9086399999999999 0.9092606663920595 0.96873568
20 0.8709199999999999 0.871926620431484 0.942813024
21 0.87076 0.8719152384566774 0.942342848
22 0.86984 0.8711510418165599 0.9418757440000001
23 0.8703199999999999 0.8713267460108364 0.9423172799999999
24 0.8722000000000001 0.8732795807072005 0.942645888
25 0.8887599999999999 0.8901862891574224 0.9578026239999999
26 0.89108 0.8923563405584385 0.959474144
27 0.8926399999999999 0.8938646589371542 0.9590568320000001
28 0.8921199999999999 0.89335317873565 0.959202848
29 0.89268 0.8937981551726107 0.9601188159999999
30 0.84788 0.8428201180672247 0.9200114399999999
31 0.8492000000000001 0.8441055576707729 0.920174064
32 0.85 0.8451046512610126 0.920627936
33 0.8493999999999999 0.8442442966206218 0.9203683359999999
34 0.84832 0.8431374083208892 0.919731104
35 0.86388 0.860364165683946 0.938969728
36 0.86312 0.859504728577282 0.938678336
37 0.8640399999999999 0.8605756474830031 0.938850304
38 0.86392 0.860482261559331 0.9391426559999999
39 0.86448 0.8611081800894016 0.93902768
40 0.8799199999999999 0.8774972841900313 0.9422708639999999
41 0.87852 0.8761050758786526 0.942251648
42 0.8795999999999999 0.8770719148913173 0.942068048
43 0.88012 0.8775482302567637 0.942770576
44 0.87964 0.8772423690586659 0.942026624
45 0.88412 0.8813118804190948 0.95461744
46 0.88516 0.8824044117324942 0.954342432
47 0.8852399999999999 0.8823599020746077 0.9546053760000002
48 0.8852399999999999 0.8825014340227177 0.9547682239999998
49 0.88416 0.8811576996263263 0.9547720959999999
50 0.8849600000000001 0.8828346979803439 0.949839968
51 0.88788 0.8857749447028344 0.9506305279999999
52 0.8878800000000002 0.885728178565968 0.950580288
53 0.88748 0.8853714584454521 0.9499232000000001
54 0.8873599999999999 0.8851021881661782 0.9504295679999999
55 0.8886 0.885952468467482 0.957322592
56 0.8882800000000002 0.8856864994588894 0.9571968959999999
57 0.8880799999999999 0.8856461233566064 0.95729776
58 0.88872 0.88613410815805 0.9574081920000002
59 0.88728 0.8844141300126855 0.957005312
60 0.8809999999999999 0.8816241047288618 0.9455727039999999
61 0.87356 0.8744796936136737 0.9410594560000002
62 0.8712 0.8720795220780962 0.9393248959999999
63 0.8736 0.8743890715783014 0.939735104
64 0.87196 0.8728827448942168 0.9390444480000001
65 0.88756 0.8887572687461631 0.955379264
66 0.89512 0.8959113551622437 0.960392736
67 0.89344 0.8941470364591577 0.9588989439999999
68 0.8915199999999999 0.89231464249073 0.958605536
69 0.8930400000000001 0.8937681319525739 0.9586929600000001
70 0.8963999999999999 0.8969901833303178 0.9574454399999999
71 0.8953599999999999 0.8960230296238014 0.957025696
72 0.89412 0.8948311101902273 0.957063488
73 0.89444 0.8951667631281672 0.9565227519999999
74 0.8950800000000001 0.895627248787999 0.9568453119999999
75 0.88676 0.8882846820927254 0.9552139199999999
76 0.90188 0.9026757252626538 0.9659782400000001
77 0.9014800000000001 0.9023284670513462 0.966368768
78 0.905 0.9059359703974561 0.96705536
79 0.90412 0.9048269301924391 0.9666963519999999
80 0.8766400000000001 0.8777487085748307 0.945790304
81 0.87612 0.8775366109970918 0.9453107199999999
82 0.8762800000000001 0.8774503350242299 0.9453568960000001
83 0.87364 0.8749408678985144 0.9448174399999999
84 0.8754 0.8766693670019269 0.9450137279999999
85 0.8702799999999999 0.8730951076876522 0.944428608
86 0.88764 0.8891894447450334 0.9565328319999999
87 0.8886 0.890035244032741 0.9568296000000001
88 0.8898400000000001 0.8912618908844028 0.957733344
89 0.8893199999999999 0.89077369823394 0.9577059520000001
90 0.8544 0.854883728460209 0.922695712
91 0.84864 0.8493307379686483 0.9192815999999999
92 0.84832 0.8486999019612611 0.9186514560000001
93 0.8504400000000001 0.8510730888145215 0.9201087680000001
94 0.8481200000000001 0.848485710602677 0.9191315199999999
95 0.8898399999999999 0.8908017876906372 0.956224832
96 0.87012 0.8713908896490906 0.943291776
97 0.86656 0.8672881125095044 0.9399043840000001
98 0.8629199999999999 0.8638984295801369 0.9378490240000001
99 0.8635999999999999 0.8643260452151782 0.9377766080000001
100 0.8918399999999999 0.8923919810681756 0.954337568
101 0.88968 0.8902537638267158 0.9528988159999999
102 0.89116 0.8919137757996211 0.953290368
103 0.89184 0.892399205844411 0.954160832
104 0.89028 0.8909429275586456 0.95323856
105 0.9054400000000001 0.9062932803806986 0.9675474559999999
106 0.9057599999999999 0.9063780093605116 0.9675283520000001
107 0.90748 0.9080764405802398 0.9680330880000001
108 0.90772 0.9082986204720097 0.967944192
109 0.90716 0.9077860582241957 0.9678641920000001
110 0.8753599999999999 0.8765047087083204 0.9447583359999999
111 0.87212 0.8729635633646382 0.94390432
112 0.87432 0.875302384662794 0.945188576
113 0.8730399999999999 0.8740214208101694 0.9438117119999999
114 0.8732 0.8744390153721829 0.94426352
115 0.8924799999999999 0.893699578522717 0.9596860159999998
116 0.8943199999999999 0.8953067575917716 0.960823968
117 0.8948 0.895851147331097 0.9607032
118 0.8928799999999999 0.8939714522114036 0.959976896
119 0.8945599999999999 0.8955686600809376 0.9606481600000001
120 0.8438399999999999 0.8387221504624378 0.915563824
121 0.8445199999999999 0.8391126154996436 0.9155763359999998
122 0.84476 0.8394126055638711 0.91602344
123 0.8436 0.8381938930989214 0.915912896
124 0.8451600000000001 0.8398276589877188 0.9160402879999999
125 0.85832 0.8548298866989359 0.9337975679999999
126 0.85788 0.8543728007478487 0.9335625279999998
127 0.85716 0.8537180202146647 0.933616576
128 0.8582799999999999 0.8548410284256681 0.9337449280000001
129 0.85816 0.8546352260807663 0.9342380479999999
130 0.8758000000000001 0.8734772162648644 0.9403660160000001
131 0.8765600000000001 0.8742664007079635 0.9395732960000001
132 0.8762399999999999 0.8738193370095637 0.940044992
133 0.8754799999999999 0.8731758152284781 0.93968264
134 0.87708 0.8747631661286078 0.940606912
135 0.882 0.8793503694044414 0.9533155839999999
136 0.8827999999999999 0.8802014892205132 0.953323936
137 0.8827999999999999 0.8802113533423365 0.9534020479999998
138 0.88256 0.8798642387385825 0.9534297600000002
139 0.8814400000000001 0.8786662808037276 0.953186624
140 0.8849199999999999 0.8830528596647864 0.9491776640000001
141 0.8845600000000001 0.8826181340830184 0.948950336
142 0.88688 0.8852596299856064 0.94889768
143 0.88628 0.8844838258709483 0.9493448000000001
144 0.8854 0.8833223926752412 0.9496480960000001
145 0.88828 0.886385987690762 0.957089088
146 0.88704 0.8850658086745609 0.95682256
147 0.8891199999999999 0.8871287691173041 0.957031264
148 0.88704 0.8849825094855388 0.956990592
149 0.88828 0.8863101531536884 0.9570144639999999
150 0.87496 0.8757278342467988 0.9403487680000001
151 0.86708 0.8674721163439558 0.934790592
152 0.8689199999999999 0.8698740190319812 0.936518272
153 0.86728 0.8679831474568687 0.9352424320000001
154 0.8688 0.8693045323706141 0.9353888319999999
155 0.8863200000000001 0.8876657112364181 0.9540626879999999
156 0.8904400000000001 0.8913626952415884 0.9573373440000001
157 0.88616 0.8871310556707254 0.9549992639999999
158 0.8848800000000001 0.8859034872411474 0.9543118719999999
159 0.8835600000000001 0.8845051132394696 0.9529466240000002
160 0.89556 0.8962431102241994 0.955643008
161 0.89524 0.8959339544810175 0.9550953920000002
162 0.8944400000000001 0.8950785213301197 0.9550010879999998
163 0.8941600000000001 0.8948323591816241 0.9561018240000001
164 0.89212 0.8929183254040746 0.9551822080000001
165 0.88792 0.8891815507728597 0.955934496
166 0.90176 0.9025876015625791 0.9654536
167 0.9034800000000001 0.9042148417182636 0.9663050239999998
168 0.90252 0.9033154577972896 0.966484608
169 0.90356 0.904324165247885 0.966225792
170 0.8796800000000001 0.8808393981059803 0.9474689279999999
171 0.8795200000000001 0.8805986666060817 0.947523872
172 0.8759999999999998 0.8771785776096663 0.9467139520000002
173 0.87604 0.8770236475930693 0.94703328
174 0.87744 0.8785975917776963 0.947306656
175 0.8725999999999999 0.8750435337996455 0.9469790719999999
176 0.8876800000000001 0.8891031604171549 0.9571993280000001
177 0.89116 0.8924485352015739 0.9586694080000001
178 0.8926400000000001 0.8938909236398637 0.9593105919999999
179 0.89164 0.8928652419006889 0.9590850879999999
180 0.8619600000000001 0.8627504208501289 0.932033952
181 0.8580399999999999 0.8584716862500421 0.927936128
182 0.85972 0.8606687439350942 0.9299182720000001
183 0.86144 0.8621718628597701 0.929285152
184 0.8633599999999999 0.8636262197619702 0.93031376
185 0.8929199999999999 0.8934630398131953 0.959043264
186 0.8797200000000001 0.8804072715486292 0.9488215999999999
187 0.87632 0.877286918180641 0.9486135360000001
188 0.8777200000000001 0.878691603636895 0.9482979839999999
189 0.8766 0.8771116030277935 0.9474138240000001
190 0.8928799999999999 0.8934487197106591 0.955021344
191 0.89168 0.8921316672724409 0.954555136
192 0.89008 0.8906259291267922 0.954812352
193 0.88964 0.8904462982959878 0.954166464
194 0.8914 0.8921439519128149 0.9543297599999999
195 0.9056799999999999 0.9064508118117207 0.967544832
196 0.90772 0.9082889092569048 0.968425888
197 0.90784 0.9083552091999062 0.9688318079999998
198 0.90716 0.9078064188981207 0.96819104
199 0.9093200000000001 0.9099036799936341 0.9689535680000001
200 0.87216 0.8735771981030365 0.9423876160000002
201 0.87216 0.8732639950648811 0.94299824
202 0.8718 0.8731334207593848 0.9428342399999998
203 0.87164 0.8729377224042363 0.9430614400000001
204 0.86988 0.8712200524829037 0.941627744
205 0.89036 0.8916622393029503 0.9582526399999999
206 0.8922000000000001 0.8933669068827609 0.9590203199999999
207 0.8914 0.8925588779372344 0.9597402879999999
208 0.89312 0.8943586865919986 0.959662112
209 0.89024 0.891515800746714 0.9588570559999999
210 0.84832 0.8431079071482198 0.919969856
211 0.8481599999999998 0.8428790542870649 0.919596608
212 0.85024 0.8452457418711197 0.9203890880000001
213 0.84848 0.8432521488913167 0.9199660960000001
214 0.8492000000000001 0.844279157335434 0.9195687679999999
215 0.86344 0.8600134536254318 0.9387568319999999
216 0.86496 0.861729592825515 0.939099712
217 0.8642 0.8607479951838208 0.93896336
218 0.8646 0.8610940199040755 0.938477376
219 0.8640000000000001 0.8604948770320032 0.9389526079999999
220 0.8800799999999999 0.8775927332644123 0.941452544
221 0.87996 0.8775467867716312 0.941954752
222 0.87828 0.8756028912127803 0.941590672
223 0.87884 0.8763086627665035 0.942149792
224 0.8786000000000002 0.8760164074926401 0.9414290879999999
225 0.8844800000000002 0.8817279298810753 0.9544548479999999
226 0.88616 0.8833212560988158 0.9547162879999999
227 0.8862399999999999 0.8833627554023991 0.954828032
228 0.8842399999999999 0.8814538626431352 0.954563136
229 0.8855999999999999 0.8826835810249893 0.954731392
230 0.8868 0.8845833430295666 0.9503296320000001
231 0.8883599999999999 0.8862854093896646 0.9502827519999999
232 0.88652 0.884438684998442 0.95059648
233 0.8877200000000002 0.8855378046605024 0.951020336
234 0.8862 0.8841793430416555 0.9497992960000001
235 0.8885200000000001 0.8860222348509279 0.9571007359999999
236 0.8880800000000001 0.8853543404398458 0.9571233280000001
237 0.8879199999999999 0.8853336283859597 0.957250496
238 0.8884399999999999 0.8858778228829548 0.9575007359999999
239 0.88864 0.8859167464628465 0.95741152
240 0.8807600000000001 0.8815646062198177 0.945065344
241 0.875 0.875763372716541 0.941400032
242 0.8732000000000001 0.8738650677059232 0.939378784
243 0.8747199999999999 0.8753351346344299 0.9408148799999999
244 0.8735199999999999 0.8742516849597314 0.940854176
245 0.88608 0.8871520341386514 0.955307872
246 0.89544 0.8962538064146598 0.959961856
247 0.89268 0.8935197213168188 0.9596069120000001
248 0.8935599999999999 0.8943101461736713 0.9587189119999999
249 0.8915599999999999 0.8923050852318781 0.9579737600000001
250 0.8966 0.8971985285908384 0.9576957759999999
251 0.89596 0.8966639542757759 0.957238624
252 0.8962 0.8967390451002755 0.95775232
253 0.8936800000000001 0.8942978961029574 0.9566556159999999
254 0.89528 0.8958191188323352 0.956931488
255 0.88688 0.8882608474234903 0.9550217919999999
256 0.9016 0.9023423505885905 0.965620288
257 0.9026799999999999 0.9034934987473353 0.9667083200000001
258 0.9038800000000002 0.9045681891054886 0.9673079039999999
259 0.9048 0.905566360064215 0.96732368
260 0.8751599999999999 0.8765011899965346 0.9451002239999999
261 0.8754799999999999 0.8767112900128528 0.9451239360000001
262 0.87592 0.8774460567306737 0.9452349119999999
263 0.8752800000000001 0.876247396000081 0.9453591360000001
264 0.8737999999999999 0.8751661266096082 0.944971808
265 0.8703199999999999 0.8730679344713073 0.9441660159999999
266 0.8870799999999999 0.8886638331326964 0.9561156479999999
267 0.8881600000000001 0.8895681612567674 0.9568648959999999
268 0.88848 0.8899717959512339 0.9566726720000001
269 0.8887600000000001 0.890274332217226 0.957176288
270 0.8545999999999999 0.8552212168133533 0.9221888000000001
271 0.8493999999999999 0.8496136625845147 0.91922064
272 0.8466400000000001 0.8471500803371871 0.9181642560000001
273 0.84916 0.8498803509973983 0.9194124159999999
274 0.8480000000000001 0.8485499941870664 0.91964768
275 0.8901999999999999 0.8912306493290453 0.9565178559999999
276 0.87116 0.8721074077437112 0.942591872
277 0.86696 0.8676937017140798 0.9388287039999998
278 0.8636800000000001 0.8644917743557519 0.9372944320000001
279 0.8652799999999999 0.8659690591522695 0.937722048
280 0.8891600000000001 0.8897900387756618 0.952947264
281 0.8872 0.8877334669406972 0.952730976
282 0.8908400000000001 0.8914805699608237 0.9535352319999999
283 0.8910399999999999 0.8916896785700402 0.9533735360000002
284 0.8915200000000001 0.8920113367601603 0.952937728
285 0.9047599999999999 0.9054218562221653 0.967446112
286 0.9060400000000002 0.9068208314029359 0.967885728
287 0.9051599999999999 0.9059784559522555 0.9678637760000001
288 0.9054399999999999 0.9060226213499792 0.9677129279999999
289 0.9050799999999999 0.9057436086821659 0.9676239040000001
290 0.87324 0.8743910304406791 0.9442480640000002
291 0.87652 0.8776722512634709 0.944893632
292 0.8737999999999999 0.874691702227938 0.9436633280000001
293 0.87292 0.8739150361502949 0.943575232
294 0.8718 0.8728635007669012 0.9433667519999999
295 0.8919599999999999 0.8931765925743491 0.9593315840000001
296 0.8924 0.8934660575199027 0.9600844480000001
297 0.89344 0.8943966357108802 0.9604833279999999
298 0.8935600000000001 0.8943801931977735 0.9602619840000001
299 0.89408 0.8950634205866649 0.9603551359999999
300 0.8444400000000002 0.839171741703866 0.9153799359999999
301 0.8435600000000001 0.8380955117554075 0.9154748479999999
302 0.84436 0.8392070537652702 0.9153057600000001
303 0.8428000000000001 0.837559702412294 0.9151909439999999
304 0.8453200000000001 0.8398641210412479 0.915709792
305 0.8578800000000001 0.854549193482922 0.93374608
306 0.85944 0.8562610721327413 0.933797472
307 0.85932 0.8559286395798431 0.933910976
308 0.85724 0.8537226851226218 0.9335118399999999
309 0.8585200000000001 0.8550539164296499 0.9342113919999999
310 0.8766400000000001 0.8743560168136885 0.939971104
311 0.8767199999999999 0.8743588367558187 0.9398826719999999
312 0.8767199999999999 0.8743576151319342 0.9401081760000001
313 0.87584 0.8734893406722414 0.9398933279999999
314 0.87708 0.8747927249016663 0.9396000480000002
315 0.8828799999999999 0.8802882184545651 0.9532592
316 0.883 0.8805206315311972 0.9534132159999998
317 0.88216 0.8794620266118229 0.953419456
318 0.88232 0.8798330844362694 0.953491264
319 0.8828000000000001 0.8801619271311102 0.9534130560000001
320 0.8859999999999999 0.8840088584694868 0.949308016
321 0.8846400000000001 0.8827342369533243 0.948597376
322 0.8847200000000001 0.8828220809968123 0.948641408
323 0.8846399999999999 0.8826873131501822 0.948965344
324 0.88444 0.8826480372362797 0.948984448
325 0.8873999999999999 0.8853964361200426 0.957083072
326 0.88744 0.8852754725066209 0.957133024
327 0.88792 0.8857729220512958 0.9572665280000001
328 0.8878 0.8858352284356636 0.9571337920000001
329 0.88676 0.8846008566652219 0.9570208640000001
330 0.8743599999999999 0.875057714524775 0.9398761600000001
331 0.86912 0.8700141145881553 0.9351611839999998
332 0.8683200000000001 0.86880006231268 0.9338194879999999
333 0.8667999999999999 0.8673346412321805 0.9349809600000001
334 0.86812 0.8689403290739145 0.9362439360000001
335 0.8860800000000001 0.8874369111887459 0.95419808
336 0.89108 0.8920046577363425 0.956544128
337 0.8888400000000001 0.889584481306444 0.955250912
338 0.88628 0.887156965137288 0.953944448
339 0.8849600000000001 0.8860424635820809 0.953120896
340 0.8939600000000001 0.8946084536601923 0.956126848
341 0.89336 0.8939038444129075 0.956024832
342 0.8939600000000001 0.8945189200137935 0.9559340799999999
343 0.8946799999999999 0.8951876075717893 0.9552794880000001
344 0.8922000000000001 0.8927749795663814 0.9548773119999998
345 0.8888400000000001 0.8901596389430783 0.9560915519999998
346 0.9021999999999999 0.9029879113960737 0.965493568
347 0.9031600000000001 0.9038386923432075 0.9667710079999999
348 0.90404 0.9047562054122338 0.966657984
349 0.9033200000000001 0.9040026251287129 0.9666059519999999
350 0.87744 0.8788418991720768 0.94683376
351 0.87676 0.8779316850075748 0.946978272
352 0.8775999999999999 0.8787697886936152 0.9469941439999999
353 0.87712 0.8783710160633446 0.946022048
354 0.87784 0.8787939688834022 0.9471909439999999
355 0.8730399999999999 0.875529691944633 0.947156064
356 0.88996 0.8913765454547292 0.957248832
357 0.8910399999999999 0.8924204643698174 0.9582913279999999
358 0.8908400000000001 0.8920745931443536 0.958591552
359 0.8921999999999999 0.8933986429274174 0.9595744639999999
360 0.86112 0.861823173188103 0.932153664
361 0.8594000000000002 0.8598829813852742 0.92862688
362 0.85684 0.8574094179845598 0.9276186560000002
363 0.8577199999999999 0.8580482207425584 0.928284608
364 0.8582000000000001 0.8586237845054159 0.929502368
365 0.89316 0.8941043088150791 0.958102016
366 0.87848 0.8788484677135611 0.9500184
367 0.8775999999999999 0.8780956791366992 0.9484699840000002
368 0.8734 0.8742653042529828 0.947169312
369 0.8755200000000001 0.8762197566391675 0.9464250240000001
370 0.8884399999999999 0.8893309136306276 0.952093248
371 0.8894400000000001 0.8904254203904498 0.952636608
372 0.88796 0.888991051693765 0.951834112
373 0.8897999999999999 0.8906418041699491 0.953272224
374 0.8893599999999999 0.8903093897579868 0.952650176
375 0.9024800000000001 0.9036347947788222 0.964747072
376 0.9039200000000001 0.9049211073722752 0.9654812159999999
377 0.90488 0.9058060310836277 0.9658335680000001
378 0.9044000000000001 0.9053268100212108 0.9655307839999999
379 0.9038 0.904694465714211 0.9655606079999999
380 0.85476 0.8579898131139878 0.92948992
381 0.85152 0.8547596347778125 0.928888512
382 0.85632 0.8592930131407865 0.9300135359999999
383 0.8554400000000001 0.8585895670770318 0.930733536
384 0.85456 0.8576482973049501 0.9310151680000001
385 0.86872 0.8724513618918553 0.942559808
386 0.8723199999999999 0.875590562072056 0.9454496320000001
387 0.8720000000000001 0.875201125495072 0.9458068799999999
388 0.87324 0.876394436406105 0.94548272
389 0.8727199999999999 0.8757391226520672 0.945621824
390 0.8608399999999999 0.8574657671597586 0.9261350239999999
391 0.86028 0.8570170641033155 0.9267455200000001
392 0.86028 0.8571250651548828 0.9268062880000001
393 0.86236 0.8591434654042451 0.9268939680000001
394 0.8615200000000002 0.8584070113580438 0.926496864
395 0.86832 0.8664303660496893 0.940374336
396 0.86808 0.8662518600498448 0.940474496
397 0.86724 0.8652035861534506 0.940516
398 0.8681599999999999 0.8662572725443928 0.9406328
399 0.86832 0.8665576349658233 0.9402377279999999
400 0.8815199999999999 0.8794550268599346 0.9456546880000001
401 0.8834800000000002 0.881267989353046 0.9457335199999999
402 0.88276 0.8807555910383643 0.9455507839999999
403 0.88296 0.8809866870912625 0.9461836480000001
404 0.88276 0.8807008186011045 0.9457030559999999
405 0.8857199999999998 0.8848988413594286 0.9537659519999998
406 0.88468 0.8839278511136619 0.9536315200000001
407 0.88604 0.8854047341085964 0.953683392
408 0.8862400000000001 0.8854554350624415 0.9535927679999998
409 0.88696 0.8861665250181693 0.953836896
410 0.8776400000000001 0.8731244784349175 0.947980144
411 0.87884 0.8745541660195008 0.9481602079999998
412 0.87604 0.8715532702481624 0.9481905279999999
413 0.87836 0.8737071740770663 0.94808
414 0.8782 0.873894431898967 0.9479449760000002
415 0.88116 0.8780547323762995 0.951766048
416 0.88072 0.877619094953465 0.95206736
417 0.88052 0.8773370091952124 0.95201856
418 0.8810399999999999 0.8780512214916263 0.9520513600000001
419 0.8807600000000001 0.8777753823412355 0.9520395839999999
420 0.87944 0.8799560787279448 0.9447466560000001
421 0.8737199999999999 0.8745822674410947 0.9397920319999999
422 0.8713599999999999 0.8717466786261001 0.93934736
423 0.87172 0.8723226991918388 0.938268192
424 0.87116 0.8714726133511956 0.939360896
425 0.88972 0.8912978381990136 0.95687216
426 0.893 0.8938001676880987 0.9591605440000001
427 0.8909600000000001 0.8919135668132265 0.9580399039999999
428 0.8911999999999999 0.8920620352099933 0.9574943040000001
429 0.89176 0.8925319717431371 0.9577264
430 0.8912800000000001 0.892336861146107 0.954820192
431 0.89076 0.8916996962075754 0.954032192
432 0.8908799999999999 0.8918522270812351 0.953890432
433 0.89176 0.8927227897383719 0.95368224
434 0.8922800000000001 0.8930941907513198 0.954113856
435 0.88504 0.8873892318442952 0.9533439039999999
436 0.89836 0.8996816565489502 0.962770656
437 0.8994 0.9005798056223249 0.96322352
438 0.9006399999999999 0.901799843385632 0.964293952
439 0.90216 0.9032993872459898 0.9642284160000001
440 0.85512 0.8588630326435857 0.9315644800000001
441 0.8542 0.8576136952090602 0.93170608
442 0.85336 0.8567638175534269 0.9303872959999999
443 0.8548 0.8581657548148737 0.931073664
444 0.8564400000000001 0.8595426885026602 0.9319560960000001
445 0.84084 0.8482441793400428 0.92611792
446 0.86288 0.8672460405299317 0.9393306240000001
447 0.86692 0.8706826197132272 0.9416048
448 0.86684 0.8704402823689182 0.9421441599999998
449 0.8661200000000001 0.8697398049448525 0.9419584320000001
450 0.85228 0.8527031962352634 0.9209980480000001
451 0.8472799999999999 0.847911795388281 0.917002656
452 0.8485199999999999 0.849250035425315 0.9175786560000001
453 0.8480399999999999 0.8488998205624677 0.91686704
454 0.8477600000000001 0.8481480840073322 0.9159678079999999
455 0.88536 0.8863673868534807 0.954098432
456 0.86776 0.868712246926993 0.9399087039999999
457 0.86256 0.8633313842914279 0.9372919359999999
458 0.8611599999999999 0.8624000527014768 0.935638816
459 0.8598000000000001 0.8607270799573797 0.9350710720000001
460 0.8857200000000001 0.8866928574129188 0.949959296
461 0.8842000000000001 0.8853022602260976 0.9501576
462 0.88548 0.8863319463075868 0.9513651519999999
463 0.8877200000000001 0.8887548978049156 0.950370432
464 0.8851600000000002 0.886044639270807 0.9496503040000001
465 0.89848 0.8997524623038868 0.962928128
466 0.9013200000000001 0.9024493683969418 0.9642092800000001
467 0.90116 0.9022440753513085 0.9643801919999999
468 0.90068 0.9018219623871332 0.9641813439999998
469 0.9006399999999999 0.9017999289247287 0.9636352
470 0.8565999999999999 0.8595641314363649 0.9320621119999999
471 0.8569599999999999 0.8599844092245738 0.932540704
472 0.85732 0.8600667558649453 0.9316879040000001
473 0.8553600000000001 0.8583688021318368 0.9320865599999999
474 0.85824 0.8609939872035273 0.931820096
475 0.8703200000000001 0.874119528764288 0.9457543679999999
476 0.8748399999999998 0.8779857981761557 0.948000064
477 0.8737600000000001 0.8768476458582212 0.9468986559999999
478 0.87296 0.8759355177938097 0.946593952
479 0.87576 0.8784841662734568 0.947756704
480 0.8554 0.8521885617279235 0.9225399839999999
481 0.8556000000000001 0.8522232580829628 0.9223303680000001
482 0.8560399999999999 0.8528449567590408 0.9226434720000001
483 0.8553599999999999 0.8521637265624025 0.9222048319999999
484 0.8552399999999999 0.8519895644404698 0.9222788960000001
485 0.8626000000000001 0.8608356335737113 0.935613152
486 0.8606400000000001 0.8589873145579425 0.935579296
487 0.8622 0.8606081945144668 0.93556864
488 0.86168 0.8600544058204609 0.9353044479999999
489 0.8613200000000001 0.8595386838738076 0.9351615360000001
490 0.88028 0.8782970578200203 0.942781872
491 0.87988 0.8780253727985835 0.9430398239999999
492 0.8804000000000001 0.8782523854341792 0.9433305759999999
493 0.88188 0.8798596893163226 0.943666752
494 0.8800800000000001 0.8782249114135865 0.942779424
495 0.88376 0.8831473384416133 0.951784256
496 0.88392 0.8831307237229773 0.9518768959999999
497 0.8826 0.8819499498742773 0.9515542079999999
498 0.8846400000000001 0.8839534182645649 0.952114304
499 0.8833200000000001 0.8826483955566161 0.9515394239999999
500 0.8777200000000001 0.8739049150613194 0.947206864
501 0.8771599999999999 0.873330276326082 0.946426736
502 0.87808 0.8745112165168079 0.946333024
503 0.87636 0.8724751638511009 0.9464851679999999
504 0.8775600000000001 0.8737513096483536 0.946585392
505 0.88292 0.8801966754062901 0.9523184
506 0.8823599999999999 0.8796319397511756 0.951917888
507 0.8807600000000001 0.8779202462668699 0.952077632
508 0.8803600000000001 0.8774844482083122 0.9517020479999999
509 0.88148 0.8786744387118125 0.952079296
510 0.87076 0.871627771106257 0.938064032
511 0.8618400000000002 0.8624031999691619 0.931058656
512 0.8645999999999999 0.8656176057970046 0.9306553599999999
513 0.86072 0.8612591564937506 0.929283968
514 0.8606400000000001 0.861424072715774 0.9291353920000001
515 0.88628 0.8879455487434125 0.9548345919999999
516 0.8878 0.8887456984934603 0.955404704
517 0.88276 0.8837365910439171 0.9523594559999999
518 0.8818399999999998 0.8827265420491208 0.9515282559999999
519 0.8803599999999999 0.8811831547247714 0.95061232
520 0.88972 0.8909168638694152 0.9523968
521 0.88872 0.8896607584543863 0.9522442239999999
522 0.8878 0.8889287796362902 0.9520001599999999
523 0.88824 0.8892267481790729 0.95170672
524 0.88832 0.8891798172302513 0.9515378240000001
525 0.8811199999999999 0.8833958240819033 0.952726496
526 0.89556 0.8968996990247607 0.961223776
527 0.89764 0.8987368402163479 0.9623665599999999
528 0.8975200000000001 0.8987036174013916 0.9623473600000001
529 0.897 0.8982087999061934 0.96234432
530 0.8586400000000001 0.86196261731158 0.9342795840000001
531 0.8599600000000001 0.8630028122040774 0.9344568639999998
532 0.86052 0.8636082664073654 0.9346464320000001
533 0.86028 0.863332232775264 0.9336768
534 0.8592000000000001 0.8622845653201271 0.93358448
535 0.84724 0.8540913139405525 0.9310177279999999
536 0.86628 0.8702638145448557 0.9429193920000001
537 0.86832 0.8720257623023837 0.944147776
538 0.87076 0.8742862369840584 0.9450668480000001
539 0.8717600000000001 0.8752562969270967 0.945032032
540 0.86004 0.860466614177825 0.9304713920000001
541 0.8577999999999999 0.8580815248271799 0.928227232
542 0.85876 0.8594564042873527 0.9281239680000001
543 0.857 0.8576092510415279 0.927901024
544 0.85732 0.8579999661685926 0.9278225600000001
545 0.8927200000000001 0.8936409527228684 0.9590109120000001
546 0.87788 0.8789191130569123 0.9480906880000001
547 0.8755199999999999 0.8759866065077698 0.9472971520000002
548 0.87568 0.8764381045227031 0.946449376
549 0.8758800000000001 0.8762889454468967 0.9473110720000001
550 0.88956 0.8904454053767509 0.9519113279999999
551 0.8888000000000001 0.8895748870375829 0.9525930879999999
552 0.8883199999999999 0.8894279841793462 0.9521649919999999
553 0.8880000000000001 0.8888785779541651 0.9521539520000001
554 0.8891600000000001 0.8901776799725024 0.9525097600000001
555 0.9010399999999998 0.9023429031461306 0.964579968
556 0.90364 0.9045520212372706 0.9653943359999999
557 0.9037599999999999 0.904748104940339 0.9656429440000001
558 0.9051199999999999 0.9059092153898082 0.9652992640000001
559 0.9037600000000001 0.9046035706374773 0.9655016319999999
560 0.85504 0.8580484946384171 0.929709856
561 0.8563600000000001 0.8596514826735315 0.9304151359999999
562 0.8536000000000001 0.8569114015658726 0.930092352
563 0.8552799999999999 0.8585001709600346 0.9300475200000001
564 0.8557600000000001 0.8585818790624078 0.9296716159999999
565 0.86844 0.8722963194463844 0.942666368
566 0.8723599999999999 0.8756927577948715 0.945693344
567 0.87264 0.8758638314008822 0.9457202240000001
568 0.8722799999999999 0.8753931813673432 0.9453843520000001
569 0.8727199999999999 0.8758107341140052 0.9451407679999999
570 0.86052 0.8571007168355127 0.9268311520000001
571 0.8622799999999999 0.8591307391959196 0.9268095520000001
572 0.8618 0.8587767561183144 0.9264468319999999
573 0.8614 0.8581452668555212 0.9267586720000001
574 0.8606399999999998 0.8574495190287497 0.9270116960000001
575 0.86832 0.8665982337145854 0.9404072960000001
576 0.86764 0.8658598569121663 0.9405613760000001
577 0.86776 0.8658055088904956 0.9409499200000001
578 0.86668 0.8648171325610493 0.9404015039999999
579 0.8681999999999999 0.866353907775979 0.9406097280000001
580 0.8827200000000002 0.8805586086341799 0.94512424
581 0.88384 0.8819008351075782 0.9454275839999999
582 0.8828800000000001 0.8809415238328249 0.9455584800000001
583 0.8837999999999999 0.8818571970575897 0.9458934880000001
584 0.88476 0.8826341247364663 0.945919408
585 0.88688 0.8861238686596214 0.953879008
586 0.8846799999999998 0.883862124079368 0.9536909440000001
587 0.8871200000000001 0.8863395292733605 0.95393376
588 0.88604 0.8853613512606223 0.953808352
589 0.88656 0.88584629769978 0.9533733439999998
590 0.8779199999999999 0.8732605518358622 0.947769232
591 0.87632 0.8717076338182068 0.9477330399999999
592 0.8771599999999999 0.87263687428078 0.94766704
593 0.8784799999999999 0.8741639846260789 0.94817304
594 0.87636 0.8720181948311057 0.947198
595 0.87924 0.8759471318910791 0.9515556479999999
596 0.8807600000000001 0.8775271888861613 0.9519012800000001
597 0.8793200000000001 0.8762106756582357 0.95177168
598 0.8806799999999999 0.8777049232388571 0.9518562239999999
599 0.8809199999999999 0.8778388712966315 0.9518175040000001
600 0.87944 0.8801305261407792 0.9458911999999999
601 0.8755200000000001 0.876163139400522 0.9407561919999999
602 0.87052 0.8709805363949314 0.9396967680000001
603 0.869 0.869906267578263 0.9380610559999999
604 0.87012 0.8705910333521893 0.9378714879999999
605 0.89 0.8914275292179592 0.9567052800000001
606 0.89388 0.8949544269792897 0.959046496
607 0.8918799999999999 0.893046006971751 0.9574769599999999
608 0.8895199999999999 0.8904179536072012 0.958165312
609 0.8896799999999999 0.8904574676532135 0.9564421120000001
610 0.89192 0.8928614509817349 0.9545275520000001
611 0.8914799999999999 0.8925221788701133 0.9545840959999999
612 0.89168 0.8925909884825989 0.954600576
613 0.89208 0.8928695813192048 0.95429616
614 0.8919599999999999 0.8928694518994383 0.9539342080000001
615 0.88316 0.8855173570525393 0.9533951039999999
616 0.899 0.9003297711625711 0.9628717759999998
617 0.89932 0.9005291152755268 0.963313984
618 0.9004 0.9015711157809942 0.96379888
619 0.9004 0.9015299152629404 0.963724128
620 0.8541599999999999 0.857394854776714 0.930891488
621 0.8552 0.8585922444678173 0.931258336
622 0.85448 0.857964787268361 0.9307650559999999
623 0.8563599999999999 0.8598098558290458 0.9317933119999999
624 0.85328 0.8565825152781347 0.930533792
625 0.8420799999999999 0.849325507173066 0.9263341759999999
626 0.86424 0.8683464327041074 0.940015552
627 0.86532 0.8692019457732492 0.9415995200000001
628 0.86708 0.8705664258060496 0.9414664640000001
629 0.86492 0.8686593745017595 0.941615936
630 0.85152 0.8522896186391501 0.9205540799999999
631 0.8476800000000001 0.8482808539689595 0.917702848
632 0.84588 0.8469206315296478 0.9154352320000001
633 0.8453200000000001 0.845649653447549 0.9159856000000002
634 0.84576 0.8462832349203167 0.9166856640000001
635 0.8832000000000001 0.8843541125621688 0.9535488320000001
636 0.8662000000000001 0.867174164260122 0.9407356480000001
637 0.8611599999999999 0.861958586918558 0.9367300799999999
638 0.86044 0.8613958738545888 0.935792736
639 0.85856 0.8592606805904882 0.9350693440000001
640 0.8869199999999999 0.8878891331489338 0.9503859520000001
641 0.88468 0.8857076765992247 0.950009184
642 0.8847200000000001 0.8857569135931994 0.949897792
643 0.8858 0.8868617724230182 0.9506710399999999
644 0.88696 0.8879236757739474 0.951034688
645 0.89916 0.9002670305880283 0.963197248
646 0.90016 0.901270869178736 0.963991296
647 0.9005599999999999 0.9015958246883434 0.963940128
648 0.90136 0.9023567512454471 0.964036544
649 0.90112 0.9020489916905177 0.9636800000000001
650 0.8548 0.857676357735474 0.930903488
651 0.85572 0.8587799603240714 0.9321564800000001
652 0.8559599999999999 0.8590880352790593 0.9317771199999999
653 0.8563600000000001 0.8593562671335491 0.93271392
654 0.8562 0.8592622464296342 0.93127216
655 0.87044 0.8739900495145874 0.9457151039999999
656 0.8732 0.8762147715078606 0.947076608
657 0.87544 0.8784282289144162 0.947593696
658 0.8769600000000001 0.8799079249329989 0.9478541119999999
659 0.8748000000000001 0.8777528997680791 0.946851616
660 0.8543600000000001 0.8509980774665349 0.922150688
661 0.8565200000000001 0.8534490991935499 0.9226322880000002
662 0.85556 0.8524497136923346 0.9225823200000001
663 0.8565200000000001 0.8533286537342732 0.9226344959999999
664 0.85588 0.8527480710830156 0.9226863679999999
665 0.86144 0.8596252558844515 0.9348718720000001
666 0.86272 0.861158397098858 0.935337792
667 0.86272 0.8609616552750966 0.93540368
668 0.8624400000000001 0.8608996108153715 0.9356373439999999
669 0.8626000000000001 0.8609460311523256 0.935997888
670 0.8800799999999999 0.87805231144315 0.9431115199999999
671 0.8804400000000001 0.878598562667363 0.942931168
672 0.8797200000000001 0.8777142588664318 0.9429367359999998
673 0.8790800000000001 0.877030407357104 0.942798816
674 0.88064 0.8786866339531173 0.9435306560000001
675 0.8848 0.8842296481137735 0.9522409599999999
676 0.8824400000000001 0.8818166639090936 0.951656768
677 0.8818399999999998 0.8811907722140055 0.9515643839999999
678 0.88336 0.8827504398304908 0.9518038719999999
679 0.8841999999999999 0.8835792753237772 0.951748992
680 0.87888 0.8753499901667421 0.946889168
681 0.87768 0.8739960365732934 0.946697632
682 0.8766399999999999 0.8729259444599391 0.9462291839999999
683 0.8768 0.8729995906796034 0.94640152
684 0.8785999999999999 0.8750362855034826 0.9471147519999998
685 0.8816799999999999 0.8789788884015195 0.951971264
686 0.88148 0.8786909199506547 0.9525279360000001
687 0.88056 0.8778074294892162 0.9524325440000002
688 0.8825200000000001 0.8798653895142327 0.952818336
689 0.88156 0.8786712845532897 0.952223328
690 0.87096 0.8718094487756941 0.9383234880000002
691 0.865 0.8658117186348135 0.931078368
692 0.861 0.8619438752947316 0.9294412160000001
693 0.8615600000000001 0.8622470217282256 0.9302872320000001
694 0.8602000000000001 0.8608152857752295 0.928746112
695 0.8859199999999999 0.8874878040455243 0.954711136
696 0.88756 0.8884912581010529 0.9549155199999999
697 0.8824799999999999 0.883245852615417 0.95141536
698 0.88196 0.8827987749897822 0.950999264
699 0.8785999999999999 0.8794281584899017 0.9495895360000001
700 0.8868 0.8877730199157016 0.9509118400000001
701 0.8881599999999998 0.8890604158784049 0.9519891840000001
702 0.8873599999999999 0.8881775608140607 0.950891616
703 0.8881600000000001 0.8891821882214558 0.9520469760000001
704 0.8891199999999999 0.8900571681488889 0.9519878720000001
705 0.8821999999999999 0.8843088728874854 0.95290672
706 0.8966799999999999 0.8978268902302446 0.9614486079999999
707 0.89628 0.8975475353868682 0.961899904
708 0.89704 0.8982225882337828 0.962344416
709 0.8981600000000001 0.8993270825815541 0.962632992
710 0.8599599999999998 0.8632462043756144 0.9337726400000002
711 0.86144 0.864410702891249 0.934696224
712 0.8593599999999999 0.8624005123412228 0.9336365759999999
713 0.8587200000000001 0.8617505553653391 0.93473392
714 0.86036 0.8633827679686062 0.934886272
715 0.84568 0.8527274778339974 0.9311048000000002
716 0.8671599999999999 0.8711419881535736 0.9431512959999999
717 0.8706800000000001 0.8741645862046219 0.94440992
718 0.8704799999999999 0.8741868093986322 0.94540208
719 0.8712 0.8744902077124627 0.9453854720000001
720 0.8645200000000001 0.8651940752656275 0.931700352
721 0.86036 0.8609817073697018 0.93059984
722 0.86036 0.8606407280114835 0.9296992320000002
723 0.85932 0.8604354956701572 0.9293883519999999
724 0.8634000000000001 0.8638442915204714 0.931087104
725 0.89512 0.8958765648136557 0.959879808
726 0.87884 0.8795598722720038 0.9496873279999999
727 0.8779600000000001 0.8787721464733019 0.9487528959999999
728 0.8784000000000001 0.8791763677967639 0.948401344
729 0.87592 0.8769611024536366 0.9470955520000001
730 0.8897600000000001 0.8903943522252652 0.9545547839999999
731 0.89176 0.8925143700259067 0.954932736
732 0.89028 0.8907304086982923 0.9542062720000001
733 0.89104 0.8916300288303948 0.953925728
734 0.8924 0.8929660797155531 0.9549112000000001
735 0.90564 0.9063013211834419 0.9676420159999999
736 0.9058399999999999 0.9064916233634973 0.9684372480000001
737 0.9078800000000001 0.9083817605891277 0.96859184
738 0.9089600000000001 0.9096147163170819 0.969496064
739 0.9071999999999999 0.9078142319789274 0.968396448
740 0.8706400000000001 0.8720100949971548 0.942826528
741 0.8733599999999999 0.8743578607932857 0.94383008
742 0.87252 0.873869559317211 0.9429774079999997
743 0.8709199999999999 0.8718947618746065 0.9425007359999998
744 0.86988 0.8710312415947563 0.942183808
745 0.8912800000000001 0.8928224194838952 0.9583370239999999
746 0.8939199999999999 0.8950923913494577 0.9596944000000001
747 0.8925599999999999 0.8937411438974665 0.959341152
748 0.8908399999999999 0.8921136961298485 0.9599596800000001
749 0.89136 0.89275559310249 0.95935424
750 0.8484 0.84322973155154 0.920344832
751 0.8489599999999999 0.8440493837695915 0.9202950400000001
752 0.84888 0.8437566371407008 0.920151648
753 0.8487600000000001 0.8438458576972856 0.920082864
754 0.84964 0.8446607979918228 0.9205375840000001
755 0.86304 0.8594283342485618 0.938699136
756 0.8637599999999999 0.8602696835724336 0.938974816
757 0.8645200000000001 0.8609694862484799 0.9393941440000001
758 0.8650400000000001 0.8616746221766306 0.939388128
759 0.8638 0.8603097036542089 0.938622208
760 0.8785200000000002 0.8758940824320725 0.941566224
761 0.8782400000000001 0.8757470899695736 0.9427140640000001
762 0.87828 0.8757202502518073 0.9420430879999999
763 0.87844 0.8758981538939301 0.9415327359999999
764 0.88096 0.8785970022221278 0.942322144
765 0.8850000000000001 0.8821403805115791 0.9548143359999999
766 0.88608 0.8832620948866241 0.9547563199999999
767 0.88476 0.881956645100542 0.9546079040000001
768 0.8845600000000001 0.8817371057008113 0.9549074880000001
769 0.8844000000000001 0.8816211395622233 0.9542854719999999
770 0.8877200000000001 0.8856580082843661 0.9509245119999999
771 0.88756 0.8853721425112454 0.95007976
772 0.8879199999999999 0.8857359304951753 0.9506181760000001
773 0.8869999999999999 0.8850082247050901 0.9502014559999999
774 0.88696 0.8846600327938215 0.9505827840000001
775 0.8882 0.8857953111867787 0.9572383999999999
776 0.8877200000000001 0.8851099612076098 0.956794304
777 0.8884000000000001 0.8857206243964839 0.9576058560000001
778 0.88824 0.8856505942072118 0.9570495360000001
779 0.88688 0.8842499800678325 0.956768448
780 0.87956 0.8802866678307455 0.9454438079999999
781 0.8751200000000001 0.8759099714634674 0.941396576
782 0.87592 0.8766255987358387 0.9419583039999999
783 0.87364 0.8745746362104366 0.940437184
784 0.87288 0.8733616964918559 0.939644352
785 0.88764 0.8887468147611426 0.955933984
786 0.8948799999999999 0.895662399211173 0.9594935360000001
787 0.8936399999999999 0.8946097501876633 0.9598181760000001
788 0.89056 0.8914253831086876 0.957737472
789 0.8922800000000001 0.893010412489577 0.9580465919999999
790 0.8946400000000001 0.8953966983366477 0.956878144
791 0.8947600000000001 0.8952574041799867 0.9565661759999999
792 0.8944799999999999 0.8951651960907092 0.956894592
793 0.89756 0.8982182103970999 0.957149888
794 0.89692 0.8975734545174836 0.9575965759999999
795 0.8851600000000002 0.8865876986440016 0.954857888
796 0.90136 0.9021166605600722 0.96531696
797 0.9036800000000001 0.9044435671143747 0.9664965759999999
798 0.9041599999999999 0.90494465863985 0.9672295679999999
799 0.90452 0.9052278686827904 0.9671631039999999
800 0.87736 0.8787057049855374 0.9455262720000001
801 0.8736 0.8749652023966854 0.944289152
802 0.875 0.8762431963771331 0.945174816
803 0.8752800000000001 0.876545167859749 0.9458602880000001
804 0.87532 0.8765363177915761 0.945452416
805 0.8696400000000001 0.8724487841684809 0.9440814080000001
806 0.8871600000000001 0.8888700399318612 0.956283616
807 0.8876799999999999 0.8892584601290808 0.956446336
808 0.8872 0.8885770709245493 0.9569057919999999
809 0.8905200000000001 0.8919002275242267 0.957656448
810 0.85488 0.855959145665793 0.923338848
811 0.85252 0.8531939649793203 0.9202379520000001
812 0.8482799999999999 0.8489317434825715 0.918166784
813 0.84824 0.8491986010406671 0.918476064
814 0.8465200000000002 0.8472294049969313 0.9188593919999999
815 0.8899999999999999 0.8908145023470972 0.956208224
816 0.87004 0.8708838139723062 0.9420726720000001
817 0.86596 0.8674202908322484 0.9387244800000001
818 0.86288 0.8640710964478574 0.937712576
819 0.8629200000000001 0.8635569632145833 0.937606752
820 0.88932 0.8899140172282877 0.9529130880000001
821 0.89132 0.8919063929632557 0.95372336
822 0.8891600000000001 0.8898052573750304 0.952189952
823 0.89068 0.8912751840007506 0.95310048
824 0.8901199999999999 0.8906120433487139 0.9530333759999999
825 0.90556 0.9063149274762352 0.9673916800000001
826 0.9058399999999999 0.9064420872375841 0.967690624
827 0.90656 0.9071951041139389 0.9676963199999999
828 0.909 0.9096352797855214 0.9684901439999999
829 0.9065199999999999 0.9071500225890098 0.9679669439999999
830 0.8744400000000001 0.8755203182901203 0.9450021119999998
831 0.8730399999999999 0.8740106587550214 0.944018144
832 0.8713600000000001 0.8727775754243604 0.9442717439999999
833 0.8719999999999999 0.873076981103204 0.944348512
834 0.8754 0.8765023896285442 0.9448686719999999
835 0.8904799999999999 0.8916333231461386 0.958919648
836 0.89336 0.8944455147402641 0.9600799680000002
837 0.8935199999999999 0.8946503875250678 0.9594513599999999
838 0.8946399999999999 0.8958138319671114 0.960299936
839 0.89352 0.89433324996481 0.960087296
840 0.84336 0.8379073216751889 0.915636672
841 0.84368 0.8384387971476347 0.9154976319999999
842 0.84444 0.8391694700602883 0.915984688
843 0.84296 0.8373287887278835 0.9153221439999999
844 0.8444 0.8387344623462765 0.915462064
845 0.8592400000000001 0.8557803820755442 0.93422432
846 0.85732 0.8537026203861517 0.933942944
847 0.8595200000000001 0.8562739512766383 0.934030112
848 0.85756 0.8539944751168781 0.9338841280000001
849 0.85856 0.8547542306173733 0.934119648
850 0.87608 0.8737854934297185 0.9399253919999999
851 0.8758800000000001 0.873605149620289 0.939995216
852 0.8775999999999999 0.875192643263011 0.940188848
853 0.8764800000000001 0.8742396853095329 0.9397217440000001
854 0.8765599999999999 0.8742720805002758 0.9396524319999999
855 0.88296 0.8804165314902865 0.953465952
856 0.88192 0.8794018361802515 0.9534058880000001
857 0.88308 0.8805564458134778 0.9536330239999999
858 0.8824 0.8797711789051681 0.9533293759999999
859 0.88172 0.8791234740163858 0.9533622399999999
860 0.8856400000000001 0.8839257602555145 0.9488721440000001
861 0.8852800000000001 0.883438130768123 0.948444048
862 0.8849199999999999 0.8831233418543288 0.948703904
863 0.8854799999999999 0.8833430141009269 0.94948064
864 0.88628 0.8844327937732983 0.9491291360000002
865 0.88656 0.88456266493193 0.9570388160000001
866 0.8871600000000001 0.8852151149724291 0.957332224
867 0.8886799999999999 0.8868168526561178 0.9569572800000001
868 0.8881599999999998 0.8859693880314646 0.957292224
869 0.88756 0.8855828989050023 0.9568702720000001
870 0.8756 0.8763050434149735 0.941189696
871 0.867 0.8681039330072234 0.935745792
872 0.8676 0.8686207183303516 0.9349725439999998
873 0.8660399999999999 0.8673254834482693 0.9348566079999999
874 0.86792 0.8688237741609024 0.935510624
875 0.8857199999999998 0.8869165642359056 0.9544011840000002
876 0.8918800000000001 0.8928353982102497 0.956743616
877 0.88748 0.8885141716968153 0.95480432
878 0.88652 0.8877151025723645 0.9545902719999999
879 0.8825200000000001 0.8833931178417105 0.9522407359999999
880 0.89524 0.8960328784380642 0.9558913280000001
881 0.89452 0.8953958750363638 0.955942144
882 0.8935599999999999 0.8941935874582964 0.956221728
883 0.8927200000000001 0.8932746543915254 0.9551488000000001
884 0.89488 0.8955644493948369 0.9559702079999999
885 0.8877199999999998 0.8891035479396322 0.9558998719999998
886 0.9033600000000002 0.9041359850837933 0.965666912
887 0.9024000000000001 0.9033135548249085 0.9660748800000001
888 0.90404 0.9047974892975379 0.96684272
889 0.9051199999999999 0.9058785476319684 0.966846368
890 0.87752 0.8787229187348753 0.946677088
891 0.87704 0.8782168196432011 0.9470826559999999
892 0.87676 0.878044054104768 0.946111424
893 0.8759599999999998 0.8772326489847337 0.9465943360000001
894 0.87744 0.8785407169811524 0.9467410880000001
895 0.87328 0.875987678596616 0.947277536
896 0.8894400000000001 0.8909192162966214 0.957272416
897 0.89032 0.8915143078047507 0.9581352319999998
898 0.8903599999999999 0.891514175555541 0.9584336
899 0.88964 0.8909868549873329 0.958818112
900 0.8621599999999999 0.8629217275000325 0.931622304
901 0.86032 0.8606262317548818 0.929805408
902 0.85992 0.8604342558581374 0.92798688
903 0.85924 0.8599472363924804 0.9285458240000001
904 0.8596400000000001 0.860405766097631 0.9298444159999999
905 0.89496 0.8956235315030469 0.9590711359999998
906 0.88052 0.8812379255710526 0.950625376
907 0.8784799999999999 0.8791804256455167 0.9484333440000002
908 0.8751999999999999 0.8759396419899037 0.9471206719999999
909 0.8762799999999998 0.8769654441882198 0.9477980159999999
910 0.8924 0.8929797992650472 0.955324512
911 0.8919599999999999 0.8926170742261427 0.9540168
912 0.8922000000000001 0.8929035826938652 0.954982112
913 0.8934 0.8940108041655588 0.9545969919999999
914 0.8911199999999999 0.8916838872256255 0.954143488
915 0.90504 0.9058284788238705 0.967554144
916 0.90672 0.9072969484156628 0.9684179519999999
917 0.90772 0.9083697668829274 0.9688100159999999
918 0.90696 0.9075765400572061 0.9686988159999999
919 0.9061200000000001 0.9067458091848615 0.9684113599999999
920 0.8708400000000001 0.8719392513427444 0.9414978880000001
921 0.8702799999999999 0.8715901326966737 0.942349248
922 0.869 0.8702918319980701 0.942261888
923 0.8709199999999999 0.8718699884545298 0.9425749440000001
924 0.8713599999999999 0.8725231682397654 0.942070464
925 0.8914 0.8930251996073233 0.9588369919999999
926 0.8934799999999999 0.8946427628084189 0.959940896
927 0.89132 0.8925080692814069 0.958903104
928 0.89308 0.8944500243580821 0.9597820479999999
929 0.8916799999999998 0.8927685761286324 0.959047072
930 0.84884 0.8436910127297435 0.9206466719999999
931 0.8486 0.843455713608859 0.919889216
932 0.84932 0.8440562659417644 0.920103968
933 0.84988 0.8449758309189039 0.9200826400000001
934 0.84992 0.8449776796477716 0.919989056
935 0.8646800000000001 0.8613586720511439 0.9390475519999999
936 0.86272 0.8593777957443318 0.9387241599999999
937 0.86488 0.8613959986686954 0.9392923199999998
938 0.8647199999999999 0.8612479567653317 0.939247104
939 0.8644000000000001 0.8611907448085148 0.93924768
940 0.8792 0.8766310013755453 0.941853808
941 0.8797200000000001 0.8771311701564655 0.9423524960000002
942 0.8794000000000001 0.877018063822991 0.9420508160000001
943 0.8794799999999998 0.8770339622897725 0.9419604799999999
944 0.87808 0.8755289112293244 0.9417580319999999
945 0.8854400000000002 0.8826988469503277 0.95474864
946 0.8852800000000001 0.8825445751605251 0.9548433279999999
947 0.8837200000000001 0.880884202783955 0.9546087679999999
948 0.88392 0.8810000993832006 0.954430944
949 0.8839600000000001 0.8811346109969056 0.95451712
950 0.88636 0.8841028386180888 0.950430256
951 0.8867200000000001 0.8845793824048165 0.950562768
952 0.8867200000000001 0.884657384347987 0.9500650079999999
953 0.8855999999999999 0.8833969453204571 0.9498494560000001
954 0.8865999999999999 0.8844382040768963 0.9500246239999999
955 0.8888 0.8862320093897299 0.957270208
956 0.88796 0.8853321352391494 0.9571525119999998
957 0.88924 0.8866852982834633 0.9574314239999999
958 0.88812 0.8854287225105442 0.957233664
959 0.8888399999999999 0.886120150833144 0.9574487359999999
960 0.88192 0.8826555214163594 0.945874048
961 0.8749199999999998 0.875641001511321 0.940716288
962 0.87364 0.8743800386062668 0.9408048319999999
963 0.87492 0.8752994651733237 0.941283232
964 0.87264 0.8730331146691654 0.9390593280000001
965 0.88696 0.888123883168477 0.9557812159999999
966 0.8953200000000001 0.8961461135280067 0.959684704
967 0.89412 0.8947926767221134 0.958733728
968 0.89384 0.8945185668488523 0.9587673600000001
969 0.89276 0.8935356039951483 0.957712992
970 0.89512 0.8958225855343986 0.95678096
971 0.89476 0.8954871846944243 0.956831008
972 0.8966000000000001 0.8973368589063361 0.957038912
973 0.8935600000000001 0.8943145589745992 0.9569492799999999
974 0.89428 0.8948842081570921 0.956886208
975 0.8858 0.887157495829503 0.95512096
976 0.90248 0.9032338201253054 0.9656136639999999
977 0.9038 0.904615008475998 0.9666805119999999
978 0.90452 0.9053161159808996 0.966786688
979 0.9046799999999999 0.9054018630193278 0.966792384
980 0.87576 0.8771722028042713 0.9452448
981 0.87564 0.876958077340791 0.94560224
982 0.87672 0.8778905112593639 0.94541904
983 0.87364 0.874996813378927 0.9446639680000001
984 0.87644 0.8776997058777158 0.9461971840000001
985 0.8687199999999999 0.8716483053917827 0.9440540159999999
986 0.8866799999999999 0.8883580232144684 0.9552837759999999
987 0.88852 0.8901506805218805 0.9569863359999999
988 0.88896 0.8904136333243369 0.9570978880000001
989 0.8900400000000002 0.8913613859697025 0.957551168
990 0.8535600000000001 0.8543102626022376 0.9221988480000001
991 0.8490800000000001 0.8498234631320212 0.917230496
992 0.84864 0.849665040271492 0.9181963200000001
993 0.8472799999999999 0.8474473569192178 0.9184311359999999
994 0.84892 0.8499598666078759 0.918492512
995 0.8904799999999999 0.8914949290115579 0.956295712
996 0.8708 0.8714879603546406 0.94270192
997 0.8656 0.8667456515855904 0.9387371200000001
998 0.86108 0.8619274331846626 0.9369231680000001
999 0.8616399999999999 0.8624132468721142 0.93585184
1000 0.8901999999999999 0.8908891928358187 0.953465568
1001 0.89032 0.8908709566555902 0.9525245120000001
1002 0.89136 0.8921693551280268 0.953381952
1003 0.8882000000000001 0.8888474517271664 0.9529011839999999
1004 0.8913200000000001 0.8918901381787631 0.9539776960000002
1005 0.9056000000000001 0.9064388161145731 0.9676136639999999
1006 0.90808 0.9086859215213355 0.96821584
1007 0.9075200000000001 0.9082215778515981 0.9679867200000001
1008 0.9059200000000001 0.9065220632090452 0.9674504
1009 0.90464 0.9052727529393622 0.9669916799999999
1010 0.87428 0.875121473588284 0.9442910400000001
1011 0.87536 0.8761597542317034 0.9444624000000001
1012 0.8730799999999999 0.8739160208875891 0.944297504
1013 0.8728400000000001 0.8736335565359233 0.9441835519999999
1014 0.8712800000000002 0.8724979172963794 0.9439318720000001
1015 0.8928799999999999 0.8940527437882592 0.9595931520000001
1016 0.89444 0.8955156935857753 0.960185088
1017 0.8930399999999998 0.8940819422838618 0.960718368
1018 0.89476 0.8957463880793952 0.960937664
1019 0.89448 0.8955746398823384 0.9607449280000001
1020 0.8439200000000001 0.8387048982651748 0.9156435359999999
1021 0.8442400000000001 0.8389979448215013 0.9156458080000001
1022 0.8431200000000001 0.8377087626924794 0.915473856
1023 0.843 0.8377615538385408 0.915096224
1024 0.84472 0.8394374296416476 0.915957008
1025 0.8580400000000001 0.8544761947690143 0.9337080959999999
1026 0.8576 0.8541089304010422 0.933611584
1027 0.85764 0.8541633704216164 0.9336873920000001
1028 0.85864 0.8553324213311333 0.9338537280000001
1029 0.85768 0.8542926235587395 0.933497824
1030 0.87652 0.8739793860119569 0.9403486399999998
1031 0.8775999999999999 0.875286535208924 0.940454048
1032 0.877 0.8745958103403655 0.940250848
1033 0.8766 0.8741665046796427 0.940135344
1034 0.8762800000000001 0.8739017009047345 0.939940464
1035 0.88268 0.8800839682489657 0.9533528319999999
1036 0.883 0.8804624411965202 0.9534559039999999
1037 0.8815200000000001 0.8789657574135374 0.9533517439999999
1038 0.8818400000000001 0.8792943282661743 0.953384864
1039 0.88316 0.8806843653569558 0.9534888640000002
1040 0.88676 0.8849759592417691 0.949145504
1041 0.88468 0.8827683995941253 0.9485821919999999
1042 0.8839600000000001 0.8822008905147725 0.949106016
1043 0.88644 0.8846547631708324 0.9491350879999999
1044 0.88616 0.8842129386374321 0.9490192319999998
1045 0.8865999999999999 0.8846550790851169 0.956950848
1046 0.8857200000000001 0.8837385263672719 0.956389216
1047 0.8881600000000001 0.8863039263874898 0.9571489599999999
1048 0.8870800000000001 0.8852380050620938 0.95687152
1049 0.8875200000000001 0.8855541904665938 0.9567492160000001
1050 0.8725200000000001 0.8731816409639175 0.9398929920000001
1051 0.86844 0.8694513257916825 0.935764256
1052 0.8686 0.8694544569367842 0.9349751040000001
1053 0.86608 0.8669883428482613 0.934111584
1054 0.86516 0.8658858793710079 0.9341056639999998
1055 0.8860800000000001 0.8872491772375447 0.9542869119999999
1056 0.8904399999999999 0.8912023325588134 0.957114144
1057 0.88704 0.8878658697197439 0.9539346240000001
1058 0.8852800000000001 0.8862046617505855 0.953052192
1059 0.8859600000000001 0.8868432096704508 0.953324896
1060 0.8949999999999999 0.8955567765056326 0.956759008
1061 0.89416 0.8947439609923441 0.9555997439999999
1062 0.89384 0.8943880830208271 0.956121216
1063 0.89444 0.8950635002332217 0.955832416
1064 0.89236 0.8929736012122124 0.955156576
1065 0.8880799999999999 0.8892734048522206 0.955930464
1066 0.9023999999999999 0.9032620523073656 0.9655152319999999
1067 0.90288 0.9035765028952827 0.96605824
1068 0.90464 0.9052464694919837 0.96663216
1069 0.90464 0.9053565965007518 0.966976256
1070 0.8789999999999999 0.8802379804089092 0.9472317760000001
1071 0.87804 0.8793038311150256 0.9468389439999999
1072 0.8762399999999999 0.8772539990895518 0.9467276160000001
1073 0.87744 0.8787641293181288 0.9468176639999999
1074 0.87672 0.8778112785377765 0.9470133759999999
1075 0.87436 0.8767890890740795 0.947364928
1076 0.88956 0.8909981228013184 0.9573576960000001
1077 0.88996 0.8913438300530542 0.958560992
1078 0.8915200000000001 0.892813797275943 0.9588236480000001
1079 0.89056 0.891772255469666 0.9587346240000001
1080 0.8612400000000001 0.8614714214585086 0.931188672
1081 0.8560000000000001 0.8568222478072858 0.926274752
1082 0.85472 0.8553891833872083 0.9275925439999998
1083 0.85968 0.8600174536551506 0.92833056
1084 0.8567600000000001 0.8575648199096131 0.927235488
1085 0.89276 0.8937698954902892 0.9583255039999999
1086 0.8773199999999999 0.8782361857451477 0.9490782080000001
1087 0.87704 0.8778352229454083 0.9478706880000001
1088 0.87456 0.8754726554183639 0.9458855040000002
1089 0.87172 0.8725835962568389 0.9458794239999999
1090 0.8856400000000001 0.8864978938965635 0.950793824
1091 0.8869599999999999 0.8879255896701179 0.9511897600000001
1092 0.8881600000000001 0.8893795372998474 0.9511219519999999
1093 0.88892 0.8898345579847865 0.951891872
1094 0.8883599999999999 0.8893888580123719 0.951307008
1095 0.9014800000000001 0.9026696917440205 0.9640329600000002
1096 0.90464 0.9056738031364573 0.9652570559999999
1097 0.9033599999999999 0.90442168407561 0.964638944
1098 0.90184 0.9029025045111322 0.9650449919999999
1099 0.9023999999999999 0.9034534451806213 0.9645055360000001
1100 0.85108 0.854488322814085 0.9283078400000001
1101 0.8494400000000001 0.8526376821629043 0.927184864
1102 0.85236 0.8556410351347576 0.9269074560000001
1103 0.85168 0.8549819935231838 0.927138624
1104 0.85212 0.8554858028090754 0.928144992
1105 0.8659600000000001 0.8700144267664319 0.9407170880000001
1106 0.8694000000000001 0.8729553382391095 0.9425124799999999
1107 0.87088 0.8742049434549097 0.943104992
1108 0.86968 0.8727281064651182 0.94327712
1109 0.8702 0.8735054684609495 0.943197984
1110 0.8612 0.858412350359582 0.9275645920000001
1111 0.8611999999999999 0.8583052713220848 0.9263408959999999
1112 0.8608799999999999 0.8579095143936364 0.9268628160000001
1113 0.8609600000000001 0.8578690784333288 0.9263022080000001
1114 0.8608799999999999 0.8580048258442783 0.9270782399999999
1115 0.8684799999999999 0.8672241911881032 0.9409150079999999
1116 0.86844 0.8669897205180307 0.940864064
1117 0.8689599999999998 0.8677287384582837 0.940974304
1118 0.8681600000000002 0.8669360589345925 0.9412208639999999
1119 0.86832 0.8669674951304289 0.940715744
1120 0.8826 0.8805679765131768 0.9448793280000001
1121 0.8817600000000001 0.8795737719925025 0.9442333600000001
1122 0.8821199999999999 0.880250898674068 0.9443977440000001
1123 0.88156 0.8798119597186698 0.943831488
1124 0.88368 0.8817847455852743 0.944498816
1125 0.8848800000000001 0.8848141963653646 0.9524872
1126 0.88656 0.8863941325413066 0.9529013120000001
1127 0.88452 0.8842817501644511 0.9526706239999999
1128 0.88568 0.8854665887167738 0.953021312
1129 0.8854 0.8852437984811216 0.952615456
1130 0.8772 0.8728411307038912 0.946000976
1131 0.87644 0.8721807907808337 0.946230384
1132 0.8768800000000001 0.8723257977914782 0.9456957920000001
1133 0.8735999999999999 0.8689328437503965 0.945455776
1134 0.87432 0.869725035801858 0.94534776
1135 0.8779600000000001 0.8754770304192403 0.9494926400000001
1136 0.8778400000000002 0.8751628184511192 0.949227488
1137 0.8776399999999999 0.8749314000737515 0.949671296
1138 0.8775600000000001 0.8748910810811561 0.9493103680000001
1139 0.87584 0.8731083558684329 0.949057056
1140 0.88056 0.8817956943565513 0.9449261440000001
1141 0.8742800000000001 0.8750153396515993 0.9397473279999999
1142 0.86988 0.8704612443489527 0.9385576
1143 0.8713200000000001 0.8717726439912749 0.9401545280000001
1144 0.8708400000000001 0.8716311393452912 0.939757728
1145 0.8909600000000001 0.8925041818470876 0.9566361599999998
1146 0.8937999999999999 0.8948442143971299 0.9588392320000001
1147 0.8924800000000002 0.8933943486077114 0.957726336
1148 0.89192 0.8926818017648914 0.9572118399999999
1149 0.8885200000000001 0.8896966170507072 0.956565376
1150 0.8928 0.893925482529674 0.954105152
1151 0.8922399999999999 0.8930837811712815 0.9538612479999999
1152 0.8913599999999999 0.8924832692662023 0.953334656
1153 0.8896799999999999 0.8907224005351001 0.953465056
1154 0.89176 0.8926928171367134 0.9538663679999999
1155 0.8827999999999999 0.8852994235985963 0.9527448959999999
1156 0.8971199999999999 0.8985520486126649 0.961971904
1157 0.89944 0.9006096771440207 0.9631128959999999
1158 0.9008 0.902038721725925 0.963666752
1159 0.89872 0.9000178042043782 0.9631228799999999
1160 0.8536400000000001 0.8571254682677163 0.9294744960000001
1161 0.8553200000000001 0.8587193100888812 0.9297865920000001
1162 0.8563600000000001 0.8595745518690998 0.93039296
1163 0.85196 0.8552632476022494 0.9278257599999999
1164 0.85612 0.8593680240969187 0.929945568
1165 0.84156 0.8490406092094249 0.924045568
1166 0.8625999999999999 0.8669220141016467 0.9380408639999999
1167 0.8636800000000001 0.8680603827804653 0.9390093119999999
1168 0.8648 0.8688436547527495 0.93973808
1169 0.8628 0.8667792098680638 0.9394835839999999
1170 0.84916 0.8505105224033688 0.91932832
1171 0.84304 0.844017798958436 0.9143708799999999
1172 0.84476 0.8456145917299729 0.9157814719999999
1173 0.8421600000000001 0.8431819794083996 0.913853312
1174 0.844 0.8445503619374138 0.9150640639999998
1175 0.88436 0.8855287701952754 0.9534724480000001
1176 0.8659199999999998 0.867324653907756 0.9385207680000001
1177 0.8633599999999999 0.864279196350318 0.9359771200000001
1178 0.8598399999999999 0.8605176803651663 0.9352847360000001
1179 0.8588800000000001 0.859738209352337 0.9340401279999998
1180 0.8854799999999999 0.886542547196175 0.9485763839999999
1181 0.88384 0.8849606492583547 0.948561664
1182 0.88216 0.8830851092919824 0.9473344640000001
1183 0.88452 0.8854455035472689 0.9486228480000001
1184 0.88616 0.8872469081514242 0.949074944
1185 0.89788 0.8992086720137789 0.9622690239999999
1186 0.89972 0.9008193734870336 0.9634148800000002
1187 0.9000400000000001 0.9011055508497761 0.962694752
1188 0.89868 0.8997673438839445 0.9630886719999999
1189 0.8991999999999999 0.9004217365905502 0.963104224
1190 0.85328 0.8564007811901838 0.92893344
1191 0.85516 0.857935895245342 0.929805376
1192 0.85244 0.8557351526104899 0.9286210880000001
1193 0.8534 0.8565246847294965 0.9292459519999999
1194 0.8523999999999999 0.8554801003293445 0.9289779840000001
1195 0.8717600000000001 0.8753934270653403 0.9436277440000002
1196 0.87076 0.8736428015789107 0.9448994879999999
1197 0.8737999999999999 0.8769447793325924 0.9447611520000001
1198 0.8736799999999999 0.8768054900725032 0.9448346879999999
1199 0.8720800000000001 0.8752148161701528 0.9444881599999999
1200 0.8567600000000001 0.8541090505143432 0.922376352
1201 0.8570800000000001 0.8541837526483894 0.9224948960000001
1202 0.85684 0.85424451378901 0.9222542560000001
1203 0.8550800000000001 0.8522723722904768 0.9219755519999999
1204 0.85524 0.8522866741725721 0.9222489279999999
1205 0.86136 0.8600647827804349 0.934895104
1206 0.8615999999999999 0.8604088078701448 0.9353448959999999
1207 0.8613199999999999 0.8599728680937828 0.9350293760000001
1208 0.86172 0.860363809553301 0.93533472
1209 0.86128 0.8598524991163646 0.935027488
1210 0.87776 0.8759844950566696 0.941453952
1211 0.87768 0.8758301364530967 0.942352816
1212 0.8782 0.8764616879728901 0.941734512
1213 0.87808 0.8762342577508333 0.941930992
1214 0.87768 0.8758019497858491 0.9414250879999999
1215 0.88216 0.8819398145533872 0.9504533119999999
1216 0.88128 0.8810523654616725 0.9505263359999999
1217 0.88332 0.8830513446327071 0.950428928
1218 0.881 0.8807710523426426 0.950383424
1219 0.88168 0.8813946349629577 0.950370432
1220 0.8741200000000001 0.870319636943969 0.945108944
1221 0.87324 0.8693664377104081 0.9446596640000001
1222 0.8732800000000001 0.8694728011089274 0.943765488
1223 0.8733599999999999 0.8694802600654306 0.94408896
1224 0.8761199999999999 0.8726637594342739 0.9447129439999999
1225 0.87704 0.87469399875954 0.9490711679999999
1226 0.8789200000000001 0.8764590702939776 0.9496624
1227 0.8794000000000001 0.8770834996669346 0.949607488
1228 0.8773199999999999 0.874968924091631 0.948697984
1229 0.87844 0.8761305537112701 0.948890496
1230 0.86952 0.8704945389185841 0.9371223360000001
1231 0.8632 0.8639182823945347 0.930469088
1232 0.8638 0.8646036505139302 0.93032464
1233 0.8609199999999999 0.8615598940274445 0.9285670720000001
1234 0.86 0.8611190778188049 0.9284974720000001
1235 0.8863199999999999 0.8879773107298368 0.953833088
1236 0.8863200000000001 0.8875212529197493 0.9540948479999999
1237 0.883 0.8841590343086256 0.951813568
1238 0.88128 0.882315740278278 0.951621856
1239 0.8819199999999998 0.8830107457769598 0.950352992
1240 0.88988 0.8909949366184138 0.9519129920000001
1241 0.89024 0.8913697177651349 0.9518238720000001
1242 0.8883599999999999 0.8893119319780787 0.9510743359999999
1243 0.88796 0.8888027069432072 0.9503595519999999
1244 0.8868400000000001 0.8877542882918752 0.9508764159999998
1245 0.88228 0.8846595714213261 0.9519680640000001
1246 0.89384 0.8952469780671886 0.9605035200000002
1247 0.8949999999999999 0.8963365090030413 0.9614306880000001
1248 0.8976000000000001 0.8989136975450742 0.9616954879999999
1249 0.8970800000000001 0.8983789215757099 0.96167328
1250 0.8571199999999999 0.860444251122118 0.931935616
1251 0.8568 0.8598493412924462 0.931320256
1252 0.8563599999999999 0.8596692069684899 0.9316080640000001
1253 0.8552399999999999 0.8585709591944857 0.93136848
1254 0.8602399999999999 0.8634363645194864 0.932574048
1255 0.8463199999999999 0.8536910929511852 0.9287441920000001
1256 0.86628 0.870515290365635 0.9412086399999999
1257 0.86904 0.8729133397392795 0.941565952
1258 0.86908 0.8727466196459328 0.942393888
1259 0.86908 0.8727815798319881 0.943524512
1260 0.86036 0.8612501252099387 0.930049664
1261 0.8567600000000001 0.8574487605168883 0.9275036799999998
1262 0.8563600000000001 0.8570412358539994 0.9278225919999998
1263 0.85792 0.8582236970641919 0.926821056
1264 0.85612 0.8566526989101295 0.927459872
1265 0.8922399999999999 0.893242864509418 0.9574391999999999
1266 0.87544 0.8761158049394652 0.9476725759999999
1267 0.87544 0.8763492215665203 0.9469801599999998
1268 0.87568 0.8766923294185549 0.9470656319999999
1269 0.8737999999999999 0.8744467401616156 0.9468986240000001
1270 0.88748 0.8883721103824973 0.9511384960000001
1271 0.88996 0.8909775644210182 0.9515002879999999
1272 0.8877599999999999 0.8887677023817492 0.951554976
1273 0.88748 0.8885942919115924 0.951164256
1274 0.88784 0.8888151966749774 0.951494208
1275 0.90052 0.9017653720367858 0.963983584
1276 0.9032 0.9041919808582854 0.964554208
1277 0.90188 0.9029601979500879 0.9646624640000001
1278 0.90292 0.9039210148247298 0.9645510080000002
1279 0.90288 0.9038080713149643 0.964406752
1280 0.85164 0.8549559811695253 0.9282065920000001
1281 0.8508800000000001 0.8541900125669443 0.927495296
1282 0.85172 0.8551872438136744 0.9274837440000001
1283 0.8525600000000001 0.8557887722051347 0.9281177279999999
1284 0.8528399999999999 0.8557433139460668 0.927986912
1285 0.8655200000000001 0.8697396013491254 0.94079088
1286 0.8692399999999999 0.8725758450037198 0.9428021120000001
1287 0.8696400000000001 0.8729712625600508 0.942619136
1288 0.8674000000000002 0.870914368558618 0.9429067520000001
1289 0.8698 0.8732085653658503 0.9429247679999999
1290 0.86144 0.8587511423412264 0.9271546240000001
1291 0.8612400000000001 0.8582260559669816 0.927035776
1292 0.8620800000000001 0.8589113059963717 0.9271088000000003
1293 0.8617199999999998 0.8587132463949476 0.9267668319999999
1294 0.8602399999999999 0.8574727516217628 0.926938064
1295 0.8674 0.866338475132942 0.9407193920000001
1296 0.86828 0.8669319429095561 0.940848352
1297 0.8671599999999999 0.8658142143970696 0.9404324159999999
1298 0.8674799999999999 0.8662116466689367 0.9406349119999999
1299 0.86832 0.8671929424361344 0.940834784
1300 0.88208 0.8800854747385877 0.9447019999999998
1301 0.88272 0.8808812799633368 0.94450608
1302 0.8826 0.8807144069012708 0.9445029119999999
1303 0.88196 0.8799882935943643 0.943978432
1304 0.88316 0.881338170084755 0.9442865599999999
1305 0.88444 0.8842314117000971 0.952399904
1306 0.88504 0.884941537399411 0.9524007039999999
1307 0.88504 0.8848196413732097 0.952807488
1308 0.8846 0.8844095873124502 0.952487488
1309 0.8846399999999999 0.8844823244953511 0.952535904
1310 0.8758799999999999 0.8712958609221232 0.9461935840000001
1311 0.87704 0.8723016129602723 0.9462185759999999
1312 0.8755599999999999 0.871046566035092 0.94544
1313 0.8747199999999999 0.8705531320153433 0.945720672
1314 0.877 0.872451475337846 0.946129584
1315 0.87608 0.8734613635038336 0.9494105600000001
1316 0.87736 0.8745834833666425 0.9494690560000001
1317 0.8781599999999999 0.8754190409580115 0.949509984
1318 0.8780800000000001 0.8754807444255193 0.948994304
1319 0.8769200000000001 0.8742037543058435 0.9494702719999999
1320 0.87836 0.8790406081709172 0.943656384
1321 0.8714000000000001 0.872293279239733 0.9396594879999999
1322 0.87012 0.8707401165623285 0.938706976
1323 0.87112 0.8715390636910424 0.938917472
1324 0.8725999999999999 0.8731563899408424 0.9390795519999999
1325 0.89008 0.8916386472347902 0.9566289600000001
1326 0.8957599999999999 0.8965894545605669 0.96003536
1327 0.89144 0.8924202558145318 0.9573138560000001
1328 0.8884000000000001 0.8894377659675202 0.956462784
1329 0.8869199999999999 0.8878432617634149 0.955613184
1330 0.8904 0.8914294397409522 0.953391936
1331 0.89072 0.8918319034650585 0.9531735039999999
1332 0.89136 0.892332333248136 0.95421088
1333 0.8925599999999999 0.8934569363345478 0.9527139520000001
1334 0.89212 0.8931101998674024 0.953361056
1335 0.88272 0.8852081871960763 0.9530844159999999
1336 0.89612 0.8976544164662249 0.9618786239999999
1337 0.8984 0.8996485340278179 0.96285264
1338 0.89908 0.9003973009615555 0.9632918400000001
1339 0.8996000000000001 0.9009596628678281 0.963157632
1340 0.8538400000000002 0.8573048748581842 0.928862048
1341 0.8554400000000001 0.858641579370359 0.9299166400000001
1342 0.85544 0.8586763505321237 0.9295542400000001
1343 0.8538400000000002 0.857071373292095 0.9295979840000002
1344 0.8532400000000001 0.8565989896390114 0.9284890560000001
1345 0.84016 0.8476596585199274 0.9246208320000001
1346 0.8613999999999999 0.8660307107031004 0.9383823359999999
1347 0.8633599999999999 0.8675288167409478 0.939144256
1348 0.8660399999999999 0.8699064607002942 0.94027648
1349 0.86568 0.8694431989971264 0.939864
1350 0.8516400000000001 0.8521843600304353 0.921467456
1351 0.84404 0.8448213895500232 0.91494
1352 0.84712 0.8477743523755767 0.91622064
1353 0.8450799999999999 0.8458225502803487 0.914943744
1354 0.8458400000000001 0.8463081684533931 0.914885888
1355 0.88444 0.8855966549238949 0.952912384
1356 0.86484 0.8657811842590629 0.9388028800000001
1357 0.8615999999999999 0.8628453319742355 0.937269952
1358 0.86052 0.8617514595956914 0.9355766080000001
1359 0.8572 0.8579326919024991 0.9325648959999999
1360 0.8860800000000001 0.887128049126142 0.9494639360000001
1361 0.88452 0.8857137286955001 0.9488609279999999
1362 0.88584 0.8868568853022205 0.9484233919999999
1363 0.8862399999999999 0.8872285087100599 0.9483365119999998
1364 0.885 0.8859775085615812 0.9489774079999999
1365 0.8978400000000001 0.8992984833059283 0.962129824
1366 0.9006000000000001 0.901703300748714 0.9633216960000001
1367 0.899 0.900144720176546 0.9624328639999999
1368 0.89984 0.9009795904508995 0.96313216
1369 0.90004 0.901141681689599 0.9627006720000001
1370 0.8532400000000001 0.856335465128095 0.928751872
1371 0.85236 0.8552783868385898 0.929210208
1372 0.8529199999999999 0.8558902622855822 0.9282008960000001
1373 0.85304 0.8562521897150253 0.929226272
1374 0.8519200000000001 0.8551795237237874 0.9285667200000001
1375 0.8681599999999999 0.8719201895821842 0.942938944
1376 0.8740400000000002 0.877152326766058 0.945642848
1377 0.8737999999999999 0.8768025690792369 0.945700736
1378 0.8727600000000001 0.8758488716854371 0.945185184
1379 0.87212 0.8750965643692409 0.944628896
1380 0.8567199999999999 0.8539903376177987 0.922266928
1381 0.8562799999999999 0.8536738573121948 0.9220022240000001
1382 0.8562 0.8534256452910671 0.9222739360000001
1383 0.8553200000000001 0.8525918225674183 0.9222160160000001
1384 0.8554 0.8526587397392127 0.922023744
1385 0.86136 0.8601263125305412 0.935345664
1386 0.8622799999999999 0.8611257868656527 0.9355367999999998
1387 0.8608799999999999 0.8595532812558903 0.9356810880000002
1388 0.86288 0.8616997608587921 0.935397536
1389 0.86112 0.8601080612979366 0.93492224
1390 0.8777200000000001 0.8760663538788647 0.941377152
1391 0.87928 0.8776189526258678 0.9416760959999999
1392 0.8792 0.8773185496761331 0.9419735200000001
1393 0.8791599999999999 0.877431059048209 0.9417631679999999
1394 0.8777999999999999 0.8759908847958522 0.9414615999999999
1395 0.8824000000000002 0.8822653582039004 0.950286784
1396 0.8813599999999999 0.8812769761051517 0.950186624
1397 0.88192 0.8816112904048989 0.9506217919999997
1398 0.8821999999999999 0.8821641789349804 0.950378656
1399 0.88224 0.8821298263086504 0.9504864
1400 0.8724000000000001 0.8684023040871669 0.9443172319999998
1401 0.8747999999999999 0.8708621479232919 0.9443459040000001
1402 0.87544 0.8715998279562387 0.9443813760000002
1403 0.8748400000000001 0.8712336706181965 0.944728496
1404 0.875 0.8711963648214077 0.944467728
1405 0.8786400000000001 0.8761925274601714 0.9492792640000001
1406 0.8786799999999999 0.8761312502518452 0.9491889600000001
1407 0.87784 0.8753403143435692 0.9496771840000001
1408 0.8783999999999998 0.8760072174104877 0.9497139200000001
1409 0.87804 0.8755194052408329 0.9497233919999999
1410 0.87224 0.8731389994625554 0.937543424
1411 0.86324 0.8640488861894712 0.9314954240000001
1412 0.8608800000000001 0.8612580301640493 0.928932064
1413 0.8615600000000001 0.862236686692917 0.9287353279999999
1414 0.86008 0.8610053322363097 0.9281572480000001
1415 0.8852 0.8871282467685349 0.953257088
1416 0.8877599999999999 0.8889358389181922 0.954551904
1417 0.88264 0.8838571418471994 0.952119008
1418 0.8815999999999999 0.8827402202377066 0.95126752
1419 0.87996 0.8808447225911763 0.9493008639999999
1420 0.88852 0.8896419767460386 0.9517382079999999
1421 0.8863199999999999 0.8872580552103336 0.9506051839999999
1422 0.8882 0.8891218903743059 0.950617312
1423 0.8863200000000001 0.8871286532012101 0.9505282879999999
1424 0.8879199999999999 0.8888468439603117 0.9507830399999999
1425 0.8810399999999999 0.8833693621872832 0.951706816
1426 0.8954000000000001 0.896902867094948 0.960679968
1427 0.8959199999999999 0.8973738133211802 0.9612006399999998
1428 0.8966799999999999 0.8978624101105185 0.9617094719999999
1429 0.89588 0.8971933788417997 0.9614570560000001
1430 0.85692 0.8605803703207566 0.931435104
1431 0.8587200000000001 0.8617083173717914 0.932574048
1432 0.8553199999999999 0.8586870942078899 0.931790176
1433 0.8563199999999999 0.8594112723595035 0.9309654720000001
1434 0.8564 0.8595777495959089 0.9313225920000001
1435 0.8460000000000001 0.8533736931923637 0.9291265599999999
1436 0.8648 0.8690377363750201 0.9407916159999999
1437 0.86684 0.8706173798019533 0.9420649280000001
1438 0.8693199999999999 0.8729913898086499 0.942295552
1439 0.8700800000000001 0.8738255721437582 0.942552128
